44214.553250	-73099	44214.553250	44214.552751	43.095854	13.750076
44214.615620	-73098	44214.615620	44214.615114	43.713911	13.750075
44214.677980	-73097	44214.677980	44214.677477	43.467969	13.750074
44968.023090	-61017	44968.023090	44968.020663	209.660364	98.653717
44968.957120	-61002	44968.957120	44968.956106	87.603218	98.653716
44969.019620	-61001	44969.019620	44969.018469	99.453275	98.653715
44978.997550	-60841	44978.997550	44978.996524	88.614393	98.653700
44993.900780	-60602	44993.900780	44993.901245	-40.149987	58.652469
44993.963280	-60601	44993.963280	44993.963608	-28.299929	58.652469
44994.026420	-60600	44994.026420	44994.025970	38.846127	58.652468
45020.905130	-60169	45020.905130	45020.904357	66.764688	18.659583
45021.902920	-60153	45021.902920	45021.902163	65.421600	18.659575
45024.833860	-60106	45024.833860	45024.833217	55.590278	58.652389
45731.966400	-48767	45731.966400	45731.965534	74.842446	28.673264
45763.833730	-48256	45763.833730	45763.832948	67.533566	3.746240
45854.882800	-46796	45854.882800	45854.882704	8.264767	98.652498
46054.942310	-43588	46054.942310	46054.942716	-35.088421	98.652267
46086.935650	-43075	46086.935650	46086.934856	68.566813	1.793059
46086.997960	-43074	46086.997960	46086.997219	64.000870	1.793055
48560.557800	-3410	48560.557800	48560.557165	54.837177	2.660699
48773.215090	1	48773.215090	48773.214472	53.387500	3.697156
48774.212930	16	48774.212930	48774.212278	56.364412	3.697156
49137.912940	5848	49137.912940	49137.912399	46.760756	3.697882
49143.962140	5945	49143.962140	49143.961595	47.096284	3.697906
49144.024380	5946	49144.024380	49144.023958	36.482341	3.697907
49144.086890	5947	49144.086890	49144.086321	49.196398	3.697907
49144.960050	5961	49144.960050	49144.959400	56.121195	3.697910
49145.022350	5962	49145.022350	49145.021763	50.691252	3.697911
49145.084540	5963	49145.084540	49145.084126	35.757310	3.697911
49145.147110	5964	49145.147110	49145.146489	53.655366	3.697911
51870.776880	49670	51870.776880	51870.777061	-15.625988	3.749139
51870.901630	49672	51870.901630	51870.901787	-13.525874	3.749143
52284.678997	56307	52284.678997	52284.679273	-23.888970	0.793515
52284.741363	56308	52284.741363	52284.741636	-23.616513	0.722078
54914.832280	98482	54914.832280	54914.832327	-4.084370	1.264332
54914.894663	98483	54914.894663	54914.894690	-2.343114	1.237987
54916.827926	98514	54916.827926	54916.827938	-1.068147	1.243628
54919.696603	98560	54919.696603	54919.696629	-2.272726	1.244199
54920.756784	98577	54920.756784	54920.756798	-1.183357	1.236641
54922.627668	98607	54922.627668	54922.627683	-1.304047	1.237016
54922.690017	98608	54922.690017	54922.690046	-2.500390	1.314575
54922.752365	98609	54922.752365	54922.752409	-3.783133	1.314587
54922.814727	98610	54922.814727	54922.814772	-3.856276	1.287581
54937.781831	98850	54937.781831	54937.781855	-2.057000	1.240055
54937.844195	98851	54937.844195	54937.844218	-1.957343	1.268842
54938.717285	98865	54938.717285	54938.717298	-1.080545	1.238489
54938.779611	98866	54938.779611	54938.779660	-4.264088	1.317612
54940.650507	98896	54940.650507	54940.650546	-3.347978	1.603857
54940.712869	98897	54940.712869	54940.712909	-3.421121	1.291030
54940.775243	98898	54940.775243	54940.775271	-2.457464	1.660098
54940.837637	98899	54940.837637	54940.837634	0.234193	1.453104
54941.773045	98914	54941.773045	54941.773077	-2.763752	1.243366
54941.835408	98915	54941.835408	54941.835440	-2.750496	1.500241
54942.646122	98928	54942.646122	54942.646157	-3.010155	1.291403
54942.770852	98930	54942.770852	54942.770883	-2.638041	1.269808
54942.833221	98931	54942.833221	54942.833245	-2.106384	1.269820
54942.895591	98932	54942.895591	54942.895608	-1.488327	1.907958
54943.706304	98945	54943.706304	54943.706325	-1.834386	1.318542
54943.768653	98946	54943.768653	54943.768688	-3.030729	1.270003
54943.831008	98947	54943.831008	54943.831051	-3.708672	1.249009
54970.647033	99377	54970.647033	54970.647075	-3.624168	2.552455
54970.709414	99378	54970.709414	54970.709438	-2.055711	2.628228
54993.658926	99746	54993.658926	54993.658965	-3.397940	1.249523
54998.647982	99826	54998.647982	54998.647993	-0.954981	1.420080
55005.632601	99938	55005.632601	55005.632632	-2.666999	1.560861
55135.970976	102028	55135.970976	55135.970981	-0.447897	1.444425
55156.924900	102364	55156.924900	55156.924898	0.204850	1.448150
55156.987244	102365	55156.987244	55156.987260	-1.423492	1.347365
55157.922708	102380	55157.922708	55157.922703	0.416962	1.692892
55158.982865	102397	55158.982865	55158.982872	-0.567269	1.490633
55160.916107	102428	55160.916107	55160.916120	-1.106703	1.305455
55160.978466	102429	55160.978466	55160.978483	-1.439046	1.284819
55161.913906	102444	55161.913906	55161.913925	-1.672190	1.410976
55161.976285	102445	55161.976285	55161.976288	-0.276534	1.638434
55162.911738	102460	55162.911738	55162.911731	0.613521	2.002482
55205.942102	103150	55205.942102	55205.942095	0.602442	1.296245
55206.004463	103151	55206.004463	55206.004458	0.442898	1.296258
55206.939920	103166	55206.939920	55206.939901	1.678553	1.321637
55207.002308	103167	55207.002308	55207.002263	3.851811	1.292370
55208.873171	103197	55208.873171	55208.873149	1.916720	1.294425
55209.870977	103213	55209.870977	55209.870954	1.956032	1.399698
55209.933305	103214	55209.933305	55209.933317	-1.054712	1.315132
55209.995687	103215	55209.995687	55209.995680	0.600146	1.297057
55212.989111	103263	55212.989111	55212.989097	1.236481	1.334277
55244.918892	103775	55244.918892	55244.918874	1.544058	1.375563
55244.981257	103776	55244.981257	55244.981237	1.730115	1.322053
55246.976864	103808	55246.976864	55246.976848	1.376738	1.300398
55389.663079	106096	55389.663079	55389.663041	3.283123	1.452702
56670.346774	126632	56670.346774	56670.346458	27.301395	2.208790
56717.368352	127386	56717.368352	56717.368044	26.583563	2.215582
56748.300367	127882	56748.300367	56748.300016	30.307828	1.601919
57100.338716	133527	57100.338716	57100.338285	37.233116	1.958368
57101.149456	133540	57101.149456	57101.149002	39.219857	2.392036
57748.288848	143917	57748.288848	57748.288261	50.730004	1.818727
57748.351191	143918	57748.351191	57748.350624	49.015261	1.818739
57802.232715	144782	57802.232715	57802.232123	51.138097	2.169930
57802.419819	144785	57802.419819	57802.419212	52.473869	2.080094
57829.360567	145217	57829.360567	57829.359961	52.325687	2.496504
58140.426473	150205	58140.426473	58140.425840	54.688334	2.028966
58200.232454	151164	58200.232454	58200.231810	55.651384	2.073828
58542.417405	156651	58542.417405	58542.416749	56.680469	3.305694
58580.084550	157255	58580.084550	58580.083908	55.442888	3.039401
58851.300606	161604	58851.300606	58851.299928	58.579121	2.824005
58870.258887	161908	58870.258887	58870.258233	56.474846	2.887589
58870.383638	161910	58870.383638	58870.382959	58.661360	2.269543
58871.194311	161923	58871.194311	58871.193676	54.859301	3.345313
58871.256754	161924	58871.256754	58871.256039	61.784557	3.013178
58873.314698	161957	58873.314698	58873.314013	59.198038	2.270069
58873.439433	161959	58873.439433	58873.438739	60.002152	3.209889
58880.174627	162067	58880.174627	58880.173926	60.569906	3.014384
58909.298029	162534	58909.298029	58909.297375	56.479319	2.276530
58926.135990	162804	58926.135990	58926.135344	55.825105	3.352015
58931.125040	162884	58931.125040	58931.124372	57.749664	2.776214
